Sample	Relief: 0. Flat substrate, sandy, rubble with few features. ~0 substrate slope.	Relief: 1. Some relief features amongst mostly flat substrate/sand/rubble. <45 degree substrate slope.	Relief: 2. Mostly relief features amongst some flat substrate or rubble. ~45 substrate slope.	Relief: 3. Good relief structure with some overhangs. >45 substrate slope.	Relief: 4. High structural complexity, fissures and caves. Vertical wall. ~90 substrate slope.	Relief: 5. Exceptional structural complexity, numerous large holes and caves. Vertical wall. ~90 substrate slope.	fieldofview.Limited	fieldofview.Open	Biota: Consolidated	Biota: Hydroids 	Biota: Macroalgae	Biota: Octocoral.Black	Biota: Sponges	Biota: Stony.corals	Biota: Unconsolidated
NCB1038	0.0	0.0	10.0	0.0	0.0	0.0	0.0	20.0	0.0	0.0	6.0	0.0	0.0	0.0	4.0
NCB1039	0.0	0.0	10.0	0.0	0.0	0.0	0.0	20.0	0.0	0.0	8.0	0.0	1.0	0.0	1.0
NCB1040	0.0	5.0	3.0	2.0	0.0	0.0	0.0	20.0	0.0	0.0	0.0	3.0	0.0	0.0	7.0
NCB1041	0.0	10.0	0.0	0.0	0.0	0.0	0.0	20.0	0.0	0.0	0.0	0.0	0.0	0.0	10.0
NCB1042	0.0	5.0	5.0	0.0	0.0	0.0	0.0	20.0	0.0	1.0	1.0	0.0	0.0	0.0	8.0
NCB1043	0.0	10.0	0.0	0.0	0.0	0.0	0.0	20.0	0.0	0.0	0.0	0.0	0.0	0.0	10.0
NCB1044	0.0	3.0	7.0	0.0	0.0	0.0	0.0	20.0	0.0	0.0	0.0	0.0	0.0	0.0	10.0
NCB1045	0.0	0.0	0.0	3.0	0.0	0.0	0.0	20.0	0.0	0.0	2.0	0.0	0.0	1.0	0.0
NCB1046	0.0	0.0	3.0	7.0	0.0	0.0	0.0	20.0	0.0	0.0	7.0	3.0	0.0	0.0	0.0
NCB1047	0.0	10.0	0.0	0.0	0.0	0.0	0.0	20.0	0.0	0.0	0.0	0.0	0.0	0.0	10.0
NCB1048	0.0	10.0	0.0	0.0	0.0	0.0	0.0	20.0	0.0	0.0	0.0	0.0	0.0	0.0	10.0
NCB1049	0.0	0.0	10.0	5.0	0.0	0.0	0.0	20.0	2.0	0.0	4.0	1.0	0.0	0.0	8.0
NCB1050	0.0	0.0	0.0	10.0	0.0	0.0	0.0	20.0	0.0	0.0	6.0	3.0	0.0	0.0	0.0
NCB1051	0.0	0.0	8.0	4.0	0.0	0.0	0.0	20.0	0.0	0.0	2.0	3.0	0.0	0.0	7.0
NCB1052	10.0	0.0	0.0	0.0	0.0	0.0	0.0	20.0	0.0	0.0	0.0	0.0	0.0	0.0	10.0
NCB1053	0.0	10.0	0.0	0.0	0.0	0.0	0.0	20.0	0.0	0.0	0.0	0.0	0.0	0.0	10.0
NCB1055	7.0	2.0	0.0	0.0	0.0	0.0	0.0	20.0	0.0	0.0	0.0	0.0	0.0	0.0	9.0
NCB1122	0.0	1.0	6.0	0.0	4.0	0.0	0.0	20.0	0.0	0.0	0.0	3.0	3.0	0.0	5.0
NCB1123	0.0	8.0	1.0	1.0	0.0	0.0	0.0	20.0	0.0	0.0	0.0	1.0	0.0	0.0	9.0
NCB1124	0.0	10.0	0.0	0.0	0.0	0.0	0.0	20.0	0.0	0.0	0.0	0.0	0.0	0.0	10.0
NCB1125	0.0	4.0	0.0	1.0	0.0	0.0	0.0	20.0	0.0	0.0	0.0	1.0	0.0	0.0	4.0
NCB1126	0.0	10.0	0.0	0.0	0.0	0.0	0.0	20.0	0.0	0.0	0.0	0.0	0.0	0.0	10.0
NCB1127	10.0	0.0	0.0	0.0	0.0	0.0	0.0	20.0	0.0	0.0	0.0	0.0	0.0	0.0	10.0
NCB1128	0.0	1.0	5.0	3.0	1.0	0.0	0.0	20.0	0.0	0.0	0.0	2.0	1.0	0.0	7.0
NCB1129	10.0	0.0	0.0	0.0	0.0	0.0	0.0	20.0	0.0	0.0	0.0	0.0	0.0	0.0	10.0
NCB1130	10.0	0.0	0.0	0.0	0.0	0.0	0.0	20.0	0.0	0.0	0.0	0.0	0.0	0.0	10.0
NCB1131	10.0	0.0	0.0	0.0	0.0	0.0	0.0	20.0	0.0	0.0	0.0	0.0	0.0	0.0	10.0
NCB1132	8.0	2.0	0.0	0.0	0.0	0.0	0.0	20.0	0.0	0.0	0.0	0.0	0.0	0.0	10.0
NCB1133	10.0	0.0	0.0	0.0	0.0	0.0	0.0	20.0	0.0	0.0	0.0	0.0	0.0	0.0	10.0
NCB1134	10.0	0.0	0.0	0.0	0.0	0.0	0.0	20.0	0.0	0.0	0.0	0.0	0.0	0.0	10.0
NCB1135	10.0	0.0	0.0	0.0	0.0	0.0	0.0	20.0	0.0	0.0	0.0	0.0	0.0	0.0	10.0
NCB1136	10.0	0.0	0.0	0.0	0.0	0.0	0.0	20.0	0.0	0.0	0.0	0.0	0.0	0.0	10.0
NCB1137	10.0	0.0	0.0	0.0	0.0	0.0	0.0	20.0	0.0	0.0	0.0	0.0	0.0	0.0	10.0
NCB1138	0.0	4.0	3.0	3.0	0.0	0.0	0.0	20.0	0.0	0.0	0.0	0.0	1.0	0.0	9.0
NCB1139	0.0	0.0	6.0	3.0	0.0	0.0	0.0	20.0	0.0	0.0	4.0	0.0	3.0	0.0	2.0
NCB1140	0.0	5.0	0.0	0.0	0.0	0.0	0.0	20.0	0.0	0.0	0.0	0.0	0.0	0.0	5.0
NCB1141	6.0	0.0	4.0	0.0	0.0	0.0	0.0	20.0	0.0	0.0	0.0	1.0	0.0	0.0	9.0
NCB1142	0.0	0.0	0.0	0.0	5.0	0.0	0.0	20.0	0.0	0.0	0.0	5.0	0.0	0.0	0.0
NCB1143	0.0	10.0	0.0	0.0	0.0	0.0	0.0	20.0	0.0	0.0	0.0	0.0	0.0	0.0	10.0
NCB1144	0.0	8.0	2.0	0.0	0.0	0.0	0.0	20.0	0.0	0.0	0.0	0.0	0.0	0.0	10.0
NCB1145	0.0	3.0	3.0	0.0	4.0	0.0	0.0	20.0	0.0	0.0	2.0	3.0	1.0	0.0	4.0
NCB1146	0.0	0.0	3.0	0.0	4.0	4.0	0.0	20.0	0.0	0.0	3.0	7.0	1.0	0.0	0.0
NCB1147	0.0	2.0	8.0	0.0	0.0	0.0	0.0	20.0	7.0	0.0	2.0	0.0	0.0	0.0	1.0
NCB1148	0.0	0.0	10.0	0.0	0.0	0.0	0.0	20.0	7.0	0.0	0.0	0.0	0.0	0.0	3.0
NCB1149	0.0	0.0	0.0	0.0	2.0	6.0	0.0	20.0	8.0	0.0	0.0	0.0	0.0	0.0	0.0
NCB1150	0.0	0.0	5.0	4.0	0.0	2.0	0.0	20.0	3.0	0.0	0.0	0.0	0.0	4.0	4.0
NCB1151	0.0	10.0	0.0	0.0	0.0	0.0	0.0	20.0	0.0	0.0	0.0	0.0	0.0	0.0	10.0
NCB1152	0.0	10.0	0.0	0.0	0.0	0.0	0.0	20.0	0.0	0.0	0.0	0.0	0.0	0.0	10.0
NCB1153	0.0	0.0	10.0	0.0	0.0	0.0	0.0	20.0	10.0	0.0	0.0	0.0	0.0	0.0	0.0
NCB1154	0.0	0.0	10.0	0.0	2.0	3.0	0.0	20.0	8.0	0.0	3.0	0.0	1.0	3.0	0.0
NCB1155	0.0	0.0	0.0	0.0	2.0	3.0	0.0	20.0	0.0	0.0	0.0	0.0	0.0	5.0	0.0
NCB1158	0.0	0.0	0.0	2.0	7.0	1.0	0.0	20.0	8.0	0.0	0.0	0.0	0.0	1.0	1.0
NCB1159	0.0	0.0	0.0	0.0	2.0	0.0	2.0	18.0	2.0	0.0	0.0	0.0	0.0	0.0	0.0
NCB1160	0.0	0.0	10.0	0.0	0.0	0.0	0.0	20.0	3.0	0.0	7.0	0.0	0.0	0.0	0.0
NCB1161	0.0	0.0	9.0	1.0	0.0	0.0	0.0	20.0	10.0	0.0	0.0	0.0	0.0	0.0	0.0
NCB1162	0.0	0.0	8.0	1.0	1.0	0.0	0.0	20.0	9.0	0.0	0.0	0.0	1.0	0.0	0.0
NCB1163	0.0	0.0	4.0	2.0	2.0	0.0	0.0	20.0	2.0	0.0	0.0	1.0	1.0	0.0	4.0
NCB1164	0.0	0.0	10.0	0.0	0.0	0.0	0.0	20.0	7.0	0.0	0.0	0.0	0.0	0.0	3.0
NCB1165	0.0	0.0	8.0	2.0	0.0	0.0	0.0	20.0	10.0	0.0	0.0	0.0	0.0	0.0	0.0
NCB1166	0.0	0.0	2.0	8.0	0.0	0.0	0.0	20.0	10.0	0.0	0.0	0.0	0.0	0.0	0.0
NCB1167	0.0	0.0	10.0	0.0	0.0	0.0	0.0	20.0	10.0	0.0	0.0	0.0	0.0	0.0	0.0
NCB1168	0.0	0.0	10.0	0.0	0.0	0.0	0.0	20.0	2.0	0.0	2.0	0.0	0.0	0.0	6.0
NCB1169	0.0	0.0	3.0	7.0	0.0	0.0	0.0	20.0	0.0	0.0	0.0	7.0	0.0	0.0	3.0
NCB1170	0.0	10.0	0.0	0.0	0.0	0.0	0.0	20.0	0.0	0.0	0.0	0.0	0.0	0.0	10.0
NCB1171	0.0	0.0	10.0	0.0	0.0	0.0	0.0	20.0	3.0	0.0	0.0	0.0	0.0	0.0	7.0
NCB1173	0.0	10.0	0.0	0.0	0.0	0.0	0.0	20.0	0.0	0.0	0.0	0.0	0.0	0.0	10.0
NCB1174	0.0	3.0	4.0	2.0	1.0	0.0	0.0	20.0	2.0	0.0	1.0	0.0	0.0	0.0	7.0
NCB1175	0.0	0.0	5.0	0.0	0.0	0.0	0.0	20.0	5.0	0.0	0.0	0.0	0.0	0.0	0.0
NCB1176	0.0	1.0	5.0	2.0	1.0	1.0	0.0	20.0	0.0	0.0	0.0	1.0	3.0	0.0	6.0
NCB1177	0.0	0.0	10.0	0.0	0.0	0.0	0.0	20.0	0.0	0.0	4.0	0.0	0.0	0.0	6.0
NCB1178	3.0	7.0	0.0	0.0	0.0	0.0	0.0	20.0	0.0	0.0	0.0	0.0	0.0	0.0	10.0
NCB1179	0.0	0.0	0.0	12.0	3.0	0.0	0.0	20.0	6.0	0.0	0.0	0.0	0.0	9.0	0.0
NCB1180	0.0	0.0	3.0	6.0	6.0	2.0	0.0	20.0	1.0	0.0	3.0	0.0	0.0	13.0	0.0
NCB1181	0.0	0.0	10.0	0.0	0.0	0.0	0.0	20.0	10.0	0.0	0.0	0.0	0.0	0.0	0.0
NCB1182	0.0	0.0	5.0	2.0	5.0	0.0	0.0	20.0	8.0	0.0	0.0	0.0	0.0	4.0	0.0
NCB1183	0.0	0.0	13.0	3.0	0.0	0.0	0.0	20.0	15.0	0.0	0.0	0.0	0.0	1.0	0.0
NCB1184	0.0	0.0	10.0	0.0	0.0	0.0	0.0	20.0	10.0	0.0	0.0	0.0	0.0	0.0	0.0
NCB1185	0.0	0.0	10.0	0.0	1.0	0.0	0.0	20.0	11.0	0.0	0.0	0.0	0.0	0.0	0.0
NCB1186	0.0	0.0	8.0	0.0	0.0	0.0	0.0	20.0	1.0	0.0	4.0	0.0	0.0	0.0	3.0
NCB1187	0.0	0.0	10.0	0.0	0.0	0.0	0.0	20.0	0.0	0.0	0.0	0.0	0.0	0.0	10.0
NCB1188	0.0	0.0	8.0	1.0	0.0	0.0	0.0	20.0	9.0	0.0	0.0	0.0	0.0	0.0	0.0
NCB1189	0.0	0.0	1.0	1.0	1.0	5.0	0.0	20.0	4.0	0.0	0.0	0.0	0.0	3.0	1.0
NCB1190	0.0	0.0	9.0	0.0	0.0	0.0	0.0	20.0	0.0	0.0	7.0	0.0	0.0	0.0	2.0
NCB1191	0.0	0.0	8.0	1.0	1.0	0.0	0.0	20.0	6.0	0.0	0.0	0.0	0.0	0.0	4.0
NCB1192	0.0	0.0	5.0	0.0	0.0	0.0	0.0	20.0	3.0	0.0	0.0	0.0	0.0	0.0	2.0
NCB1193	0.0	13.0	2.0	2.0	2.0	0.0	0.0	20.0	1.0	0.0	0.0	0.0	0.0	4.0	14.0
NCB1194	0.0	0.0	10.0	0.0	0.0	0.0	0.0	20.0	4.0	0.0	6.0	0.0	0.0	0.0	0.0
NCB1195	0.0	0.0	2.0	14.0	2.0	2.0	0.0	20.0	10.0	0.0	0.0	0.0	0.0	6.0	4.0
NCB1196	0.0	0.0	5.0	0.0	0.0	0.0	0.0	20.0	1.0	0.0	0.0	0.0	0.0	0.0	4.0
NCB1197	0.0	0.0	10.0	0.0	0.0	0.0	0.0	20.0	10.0	0.0	0.0	0.0	0.0	0.0	0.0
NCB1198	0.0	0.0	10.0	0.0	0.0	0.0	0.0	20.0	10.0	0.0	0.0	0.0	0.0	0.0	0.0
NCB1199	0.0	0.0	9.0	0.0	0.0	0.0	0.0	20.0	4.0	0.0	0.0	1.0	0.0	0.0	4.0
NCB1200	0.0	0.0	10.0	0.0	0.0	0.0	0.0	20.0	0.0	0.0	0.0	0.0	0.0	0.0	10.0
NCB1201	0.0	9.0	1.0	0.0	0.0	0.0	0.0	20.0	0.0	0.0	0.0	0.0	0.0	0.0	10.0
NCB1202	0.0	5.0	0.0	0.0	0.0	0.0	0.0	20.0	0.0	0.0	0.0	0.0	0.0	0.0	5.0
NCB1203	0.0	10.0	0.0	0.0	0.0	0.0	0.0	20.0	0.0	0.0	0.0	0.0	0.0	0.0	10.0
NCB1204	0.0	0.0	10.0	0.0	0.0	0.0	0.0	20.0	1.0	0.0	2.0	0.0	0.0	0.0	7.0
NCB1205	0.0	0.0	10.0	0.0	0.0	0.0	0.0	20.0	10.0	0.0	0.0	0.0	0.0	0.0	0.0
NCB1206	0.0	2.0	7.0	0.0	0.0	0.0	0.0	20.0	8.0	0.0	0.0	0.0	0.0	0.0	1.0
NCB1207	0.0	4.0	5.0	1.0	0.0	0.0	0.0	20.0	1.0	0.0	0.0	0.0	0.0	0.0	9.0
NCB1208	0.0	0.0	9.0	1.0	0.0	0.0	0.0	20.0	8.0	0.0	0.0	0.0	0.0	0.0	2.0
NCB1209	0.0	0.0	10.0	0.0	0.0	0.0	0.0	20.0	10.0	0.0	0.0	0.0	0.0	0.0	0.0
NCB1210	0.0	5.0	5.0	0.0	0.0	0.0	0.0	20.0	0.0	0.0	0.0	0.0	0.0	0.0	10.0
NCB1211	0.0	0.0	10.0	0.0	0.0	0.0	0.0	20.0	3.0	0.0	2.0	0.0	0.0	0.0	5.0
NCB1212	0.0	10.0	0.0	0.0	0.0	0.0	0.0	20.0	0.0	0.0	0.0	0.0	0.0	0.0	10.0
NCB1213	0.0	10.0	0.0	0.0	0.0	0.0	0.0	20.0	0.0	0.0	0.0	0.0	0.0	0.0	10.0
NCB1214	0.0	0.0	10.0	0.0	0.0	0.0	0.0	20.0	0.0	0.0	0.0	0.0	0.0	0.0	10.0
NCB1215	0.0	10.0	0.0	0.0	0.0	0.0	0.0	20.0	0.0	0.0	0.0	0.0	0.0	0.0	10.0
NCB1216	0.0	10.0	0.0	0.0	0.0	0.0	0.0	20.0	0.0	0.0	0.0	0.0	0.0	0.0	10.0
NCB1217	0.0	0.0	5.0	6.0	2.0	2.0	1.0	19.0	1.0	0.0	8.0	4.0	1.0	0.0	1.0
NCB1218	0.0	4.0	6.0	0.0	0.0	0.0	0.0	20.0	0.0	0.0	4.0	0.0	0.0	0.0	6.0
NCB1219	0.0	6.0	4.0	0.0	0.0	0.0	0.0	20.0	1.0	0.0	2.0	0.0	0.0	0.0	7.0
NCB1220	10.0	0.0	0.0	0.0	0.0	0.0	0.0	20.0	0.0	0.0	0.0	0.0	0.0	0.0	10.0
NCB1221	2.0	8.0	0.0	0.0	0.0	0.0	0.0	20.0	0.0	0.0	0.0	0.0	0.0	0.0	10.0
NCB1222	0.0	7.0	3.0	0.0	0.0	0.0	0.0	20.0	0.0	0.0	0.0	0.0	0.0	0.0	10.0
NCB1223	10.0	0.0	0.0	0.0	0.0	0.0	0.0	20.0	0.0	0.0	0.0	0.0	0.0	0.0	10.0
NCB1224	4.0	2.0	2.0	1.0	1.0	0.0	0.0	20.0	0.0	0.0	0.0	0.0	2.0	0.0	8.0
NCB1225	10.0	0.0	0.0	0.0	0.0	0.0	0.0	20.0	0.0	0.0	0.0	0.0	0.0	0.0	10.0
NCB1226	0.0	10.0	0.0	0.0	0.0	0.0	0.0	20.0	0.0	0.0	0.0	0.0	0.0	0.0	10.0
